0 1000.0
0.01 1000.0
0.02 1000.0
0.03 1000.0
0.04 1000.0
0.05 1000.0
0.06 1000.0
0.07 1000.0
0.08 1000.0
0.09 1000.0
0.1 1000.0
0.11 1000.0
0.12 1000.0
0.13 1000.0
0.14 1000.0
0.15 1000.0
0.16 1000.0
0.17 1000.0
0.18 1000.0
0.19 1000.0
0.2 1000.0
0.21 1000.0
0.22 1000.0
0.23 1000.0
0.24 1000.0
0.25 1000.0
0.26 1000.0
0.27 1000.0
0.28 1000.0
0.29 1000.0
0.3 1000.0
0.31 1000.0
0.32 1000.0
0.33 1000.0
0.34 1000.0
0.35 1000.0
0.36 1000.0
0.37 1000.0
0.38 1000.0
0.39 1000.0
0.4 1000.0
0.41 1000.0
0.42 1000.0
0.43 1000.0
0.44 1000.0
0.45 1000.0
0.46 1000.0
0.47 1000.0
0.48 1000.0
0.49 1000.0
0.5 1000.0
0.51 1000.0
0.52 1000.0
0.53 1000.0
0.54 1000.0
0.55 1000.0
0.56 1000.0
0.57 1000.0
0.58 1000.0
0.59 1000.0
0.6 1000.0
0.61 1000.0
0.62 1000.0
0.63 1000.0
0.64 1000.0
0.65 1000.0
0.66 1000.0
0.67 1000.0
0.68 1000.0
0.69 1000.0
0.7 1000.0
0.71 1000.0
0.72 1000.0
0.73 1000.0
0.74 1000.0
0.75 1000.0
0.76 1000.0
0.77 1000.0
0.78 1000.0
0.79 1000.0
0.8 1000.0
0.81 1000.0
0.82 1000.0
0.83 1000.0
0.84 1000.0
0.85 1000.0
0.86 1000.0
0.87 1000.0
0.88 1000.0
0.89 1000.0
0.9 1000.0
0.91 1000.0
0.92 1000.0
0.93 1000.0
0.94 1000.0
0.95 1000.0
0.96 1000.0
0.97 1000.0
0.98 1000.0
0.99 1000.0
0 1000.0
1.0 1000.0
2.0 1000.0
3.0 1000.0
4.0 1000.0
5.0 1000.0
6.0 1000.0
7.0 1000.0
8.0 1000.0
9.0 1000.0
0 1000.0
1.0 1000.0
2.0 1000.0
3.0 1000.0
4.0 1000.0
5.0 1000.0
6.0 1000.0
7.0 1000.0
8.0 1000.0
9.0 1000.0
10.0 1000.0
11.0 1000.0
12.0 1000.0
13.0 1000.0
14.0 1000.0
15.0 1000.0
16.0 1000.0
17.0 1000.0
18.0 1000.0
19.0 1000.0
0 1000.0
1.0 1000.0
2.0 1000.0
3.0 1000.0
4.0 1000.0
5.0 1000.0
6.0 1000.0
7.0 1000.0
8.0 1000.0
9.0 1000.0
10.0 1000.0
11.0 1000.0
12.0 1000.0
13.0 1000.0
14.0 1000.0
15.0 1000.0
16.0 1000.0
17.0 1000.0
18.0 1000.0
19.0 1000.0
0 1000.0
1.0 1000.0
2.0 1000.0
3.0 1000.0
4.0 1000.0
5.0 1000.0
6.0 1000.0
7.0 1000.0
8.0 1000.0
9.0 1000.0
10.0 1000.0
11.0 1000.0
12.0 1000.0
13.0 1000.0
14.0 1000.0
15.0 1000.0
16.0 1000.0
17.0 1000.0
18.0 1000.0
19.0 1000.0
0 1000.0
1.0 1000.0
2.0 1000.0
3.0 1000.0
4.0 1000.0
5.0 1000.0
6.0 1000.0
7.0 1000.0
8.0 1000.0
9.0 1000.0
10.0 1000.0
11.0 1000.0
12.0 1000.0
13.0 1000.0
14.0 1000.0
15.0 1000.0
16.0 1000.0
17.0 1000.0
18.0 1000.0
19.0 1000.0
0 1000.0
1.0 1000.0
2.0 1000.0
3.0 1000.0
4.0 1000.0
5.0 1000.0
6.0 1000.0
7.0 1000.0
8.0 1000.0
9.0 1000.0
10.0 1000.0
11.0 1000.0
12.0 1000.0
13.0 1000.0
14.0 1000.0
15.0 1000.0
16.0 1000.0
17.0 1000.0
18.0 1000.0
19.0 1000.0
0 1000.0
1.0 1000.0
2.0 1000.0
3.0 1000.0
4.0 1000.0
5.0 1000.0
6.0 1000.0
7.0 1000.0
8.0 1000.0
9.0 1000.0
10.0 1000.0
11.0 1000.0
12.0 1000.0
13.0 1000.0
14.0 1000.0
15.0 1000.0
16.0 1000.0
17.0 1000.0
18.0 1000.0
19.0 1000.0
0 1000.0
1.0 1000.0
2.0 1000.0
3.0 1000.0
4.0 1000.0
5.0 1000.0
6.0 1000.0
7.0 1000.0
8.0 1000.0
9.0 1000.0
10.0 1000.0
11.0 1000.0
12.0 1000.0
13.0 1000.0
14.0 1000.0
15.0 1000.0
16.0 1000.0
17.0 1000.0
18.0 1000.0
19.0 1000.0
0 1000.0
1.0 1000.0
2.0 1000.0
3.0 1000.0
4.0 1000.0
5.0 1000.0
6.0 1000.0
7.0 1000.0
8.0 1000.0
9.0 1000.0
10.0 1000.0
11.0 1000.0
12.0 1000.0
13.0 1000.0
14.0 1000.0
15.0 1000.0
16.0 1000.0
17.0 1000.0
18.0 1000.0
19.0 1000.0
0 1000.0
1.0 1100.0
2.0 110.0
3.0 1100.0
4.0 110.0
5.0 1100.0
6.0 110.0
7.0 1100.0
8.0 110.0
9.0 1100.0
10.0 110.0
11.0 1100.0
12.0 110.0
13.0 1100.0
14.0 110.0
15.0 1100.0
16.0 110.0
17.0 1100.0
18.0 110.0
19.0 1100.0
0 1000.0
0.01 1005.0
0.02 1009.5225
0.03 1013.6087947
0.04 1017.29743927
0.05 1020.6242624
0.06 1023.62242145
0.07 1026.32248954
0.08 1028.75256568
0.09 1030.93840094
0.1 1032.90353439
0.11 1034.66943436
0.12 1036.25564113
0.13 1037.67990807
0.14 1038.95833926
0.15 1040.10552181
0.16 1041.13465195
0.17 1042.05765405
0.18 1042.88529229
0.19 1043.6272747
0.2 1044.29234969
0.21 1044.88839524
0.22 1045.42250089
0.23 1045.90104295
0.24 1046.3297533
0.25 1046.71378213
0.26 1047.05775508
0.27 1047.36582512
0.28 1047.64171959
0.29 1047.88878289
0.3 1048.11001496
0.31 1048.30810618
0.32 1048.48546879
0.33 1048.64426518
0.34 1048.78643354
0.35 1048.91371074
0.36 1049.02765311
0.37 1049.12965499
0.38 1049.22096546
0.39 1049.3027034
0.4 1049.37587092
0.41 1049.44136552
0.42 1049.49999093
0.43 1049.55246689
0.44 1049.59943783
0.45 1049.64148082
0.46 1049.67911248
0.47 1049.71279537
0.48 1049.74294361
0.49 1049.76992792
0.5 1049.7940802
0.51 1049.81569753
0.52 1049.8350459
0.53 1049.85236336
0.54 1049.86786302
0.55 1049.88173566
0.56 1049.89415202
0.57 1049.90526494
0.58 1049.91521122
0.59 1049.92411332
0.6 1049.93208085
0.61 1049.9392119
0.62 1049.94559428
0.63 1049.95130658
0.64 1049.95641916
0.65 1049.96099495
0.66 1049.96509033
0.67 1049.96875573
0.68 1049.97203628
0.69 1049.97497239
0.7 1049.97760023
0.71 1049.97995215
0.72 1049.98205714
0.73 1049.9839411
0.74 1049.98562726
0.75 1049.98713638
0.76 1049.98848704
0.77 1049.98969589
0.78 1049.99077781
0.79 1049.99174613
0.8 1049.99261278
0.81 1049.99338843
0.82 1049.99408264
0.83 1049.99470396
0.84 1049.99526004
0.85 1049.99575774
0.86 1049.99620317
0.87 1049.99660184
0.88 1049.99695864
0.89 1049.99727799
0.9 1049.9975638
0.91 1049.9978196
0.92 1049.99804854
0.93 1049.99825344
0.94 1049.99843683
0.95 1049.99860096
0.96 1049.99874786
0.97 1049.99887934
0.98 1049.99899701
0.99 1049.99910232
0 1000.0
0.01 1005.0
0.02 1009.5225
0.03 1013.6087947
0.04 1017.29743927
0.05 1020.6242624
0.06 1023.62242145
0.07 1026.32248954
0.08 1028.75256568
0.09 1030.93840094
0.1 1032.90353439
0.11 1034.66943436
0.12 1036.25564113
0.13 1037.67990807
0.14 1038.95833926
0.15 1040.10552181
0.16 1041.13465195
0.17 1042.05765405
0.18 1042.88529229
0.19 1043.6272747
0.2 1044.29234969
0.21 1044.88839524
0.22 1045.42250089
0.23 1045.90104295
0.24 1046.3297533
0.25 1046.71378213
0.26 1047.05775508
0.27 1047.36582512
0.28 1047.64171959
0.29 1047.88878289
0.3 1048.11001496
0.31 1048.30810618
0.32 1048.48546879
0.33 1048.64426518
0.34 1048.78643354
0.35 1048.91371074
0.36 1049.02765311
0.37 1049.12965499
0.38 1049.22096546
0.39 1049.3027034
0.4 1049.37587092
0.41 1049.44136552
0.42 1049.49999093
0.43 1049.55246689
0.44 1049.59943783
0.45 1049.64148082
0.46 1049.67911248
0.47 1049.71279537
0.48 1049.74294361
0.49 1049.76992792
0.5 1049.7940802
0.51 1049.81569753
0.52 1049.8350459
0.53 1049.85236336
0.54 1049.86786302
0.55 1049.88173566
0.56 1049.89415202
0.57 1049.90526494
0.58 1049.91521122
0.59 1049.92411332
0.6 1049.93208085
0.61 1049.9392119
0.62 1049.94559428
0.63 1049.95130658
0.64 1049.95641916
0.65 1049.96099495
0.66 1049.96509033
0.67 1049.96875573
0.68 1049.97203628
0.69 1049.97497239
0.7 1049.97760023
0.71 1049.97995215
0.72 1049.98205714
0.73 1049.9839411
0.74 1049.98562726
0.75 1049.98713638
0.76 1049.98848704
0.77 1049.98969589
0.78 1049.99077781
0.79 1049.99174613
0.8 1049.99261278
0.81 1049.99338843
0.82 1049.99408264
0.83 1049.99470396
0.84 1049.99526004
0.85 1049.99575774
0.86 1049.99620317
0.87 1049.99660184
0.88 1049.99695864
0.89 1049.99727799
0.9 1049.9975638
0.91 1049.9978196
0.92 1049.99804854
0.93 1049.99825344
0.94 1049.99843683
0.95 1049.99860096
0.96 1049.99874786
0.97 1049.99887934
0.98 1049.99899701
0.99 1049.99910232
0 1000.0
0.01 1005.0
0.02 1009.5225
0.03 1013.6087947
0.04 1017.29743927
0.05 1020.6242624
0.06 1023.62242145
0.07 1026.32248954
0.08 1028.75256568
0.09 1030.93840094
0.1 1032.90353439
0.11 1034.66943436
0.12 1036.25564113
0.13 1037.67990807
0.14 1038.95833926
0.15 1040.10552181
0.16 1041.13465195
0.17 1042.05765405
0.18 1042.88529229
0.19 1043.6272747
0.2 1044.29234969
0.21 1044.88839524
0.22 1045.42250089
0.23 1045.90104295
0.24 1046.3297533
0.25 1046.71378213
0.26 1047.05775508
0.27 1047.36582512
0.28 1047.64171959
0.29 1047.88878289
0.3 1048.11001496
0.31 1048.30810618
0.32 1048.48546879
0.33 1048.64426518
0.34 1048.78643354
0.35 1048.91371074
0.36 1049.02765311
0.37 1049.12965499
0.38 1049.22096546
0.39 1049.3027034
0.4 1049.37587092
0.41 1049.44136552
0.42 1049.49999093
0.43 1049.55246689
0.44 1049.59943783
0.45 1049.64148082
0.46 1049.67911248
0.47 1049.71279537
0.48 1049.74294361
0.49 1049.76992792
0.5 1049.7940802
0.51 1049.81569753
0.52 1049.8350459
0.53 1049.85236336
0.54 1049.86786302
0.55 1049.88173566
0.56 1049.89415202
0.57 1049.90526494
0.58 1049.91521122
0.59 1049.92411332
0.6 1049.93208085
0.61 1049.9392119
0.62 1049.94559428
0.63 1049.95130658
0.64 1049.95641916
0.65 1049.96099495
0.66 1049.96509033
0.67 1049.96875573
0.68 1049.97203628
0.69 1049.97497239
0.7 1049.97760023
0.71 1049.97995215
0.72 1049.98205714
0.73 1049.9839411
0.74 1049.98562726
0.75 1049.98713638
0.76 1049.98848704
0.77 1049.98969589
0.78 1049.99077781
0.79 1049.99174613
0.8 1049.99261278
0.81 1049.99338843
0.82 1049.99408264
0.83 1049.99470396
0.84 1049.99526004
0.85 1049.99575774
0.86 1049.99620317
0.87 1049.99660184
0.88 1049.99695864
0.89 1049.99727799
0.9 1049.9975638
0.91 1049.9978196
0.92 1049.99804854
0.93 1049.99825344
0.94 1049.99843683
0.95 1049.99860096
0.96 1049.99874786
0.97 1049.99887934
0.98 1049.99899701
0.99 1049.99910232
0 1000.0
0.01 1005.0
0.02 1009.5225
0.03 1013.6087947
0.04 1017.29743927
0.05 1020.6242624
0.06 1023.62242145
0.07 1026.32248954
0.08 1028.75256568
0.09 1030.93840094
0.1 1032.90353439
0.11 1034.66943436
0.12 1036.25564113
0.13 1037.67990807
0.14 1038.95833926
0.15 1040.10552181
0.16 1041.13465195
0.17 1042.05765405
0.18 1042.88529229
0.19 1043.6272747
0.2 1044.29234969
0.21 1044.88839524
0.22 1045.42250089
0.23 1045.90104295
0.24 1046.3297533
0.25 1046.71378213
0.26 1047.05775508
0.27 1047.36582512
0.28 1047.64171959
0.29 1047.88878289
0.3 1048.11001496
0.31 1048.30810618
0.32 1048.48546879
0.33 1048.64426518
0.34 1048.78643354
0.35 1048.91371074
0.36 1049.02765311
0.37 1049.12965499
0.38 1049.22096546
0.39 1049.3027034
0.4 1049.37587092
0.41 1049.44136552
0.42 1049.49999093
0.43 1049.55246689
0.44 1049.59943783
0.45 1049.64148082
0.46 1049.67911248
0.47 1049.71279537
0.48 1049.74294361
0.49 1049.76992792
0.5 1049.7940802
0.51 1049.81569753
0.52 1049.8350459
0.53 1049.85236336
0.54 1049.86786302
0.55 1049.88173566
0.56 1049.89415202
0.57 1049.90526494
0.58 1049.91521122
0.59 1049.92411332
0.6 1049.93208085
0.61 1049.9392119
0.62 1049.94559428
0.63 1049.95130658
0.64 1049.95641916
0.65 1049.96099495
0.66 1049.96509033
0.67 1049.96875573
0.68 1049.97203628
0.69 1049.97497239
0.7 1049.97760023
0.71 1049.97995215
0.72 1049.98205714
0.73 1049.9839411
0.74 1049.98562726
0.75 1049.98713638
0.76 1049.98848704
0.77 1049.98969589
0.78 1049.99077781
0.79 1049.99174613
0.8 1049.99261278
0.81 1049.99338843
0.82 1049.99408264
0.83 1049.99470396
0.84 1049.99526004
0.85 1049.99575774
0.86 1049.99620317
0.87 1049.99660184
0.88 1049.99695864
0.89 1049.99727799
0.9 1049.9975638
0.91 1049.9978196
0.92 1049.99804854
0.93 1049.99825344
0.94 1049.99843683
0.95 1049.99860096
0.96 1049.99874786
0.97 1049.99887934
0.98 1049.99899701
0.99 1049.99910232
0 1000.0
0.01 1005.0
0.02 1009.5225
0.03 1013.6087947
0.04 1017.29743927
0.05 1020.6242624
0.06 1023.62242145
0.07 1026.32248954
0.08 1028.75256568
0.09 1030.93840094
0.1 1032.90353439
0.11 1034.66943436
0.12 1036.25564113
0.13 1037.67990807
0.14 1038.95833926
0.15 1040.10552181
0.16 1041.13465195
0.17 1042.05765405
0.18 1042.88529229
0.19 1043.6272747
0.2 1044.29234969
0.21 1044.88839524
0.22 1045.42250089
0.23 1045.90104295
0.24 1046.3297533
0.25 1046.71378213
0.26 1047.05775508
0.27 1047.36582512
0.28 1047.64171959
0.29 1047.88878289
0.3 1048.11001496
0.31 1048.30810618
0.32 1048.48546879
0.33 1048.64426518
0.34 1048.78643354
0.35 1048.91371074
0.36 1049.02765311
0.37 1049.12965499
0.38 1049.22096546
0.39 1049.3027034
0.4 1049.37587092
0.41 1049.44136552
0.42 1049.49999093
0.43 1049.55246689
0.44 1049.59943783
0.45 1049.64148082
0.46 1049.67911248
0.47 1049.71279537
0.48 1049.74294361
0.49 1049.76992792
0.5 1049.7940802
0.51 1049.81569753
0.52 1049.8350459
0.53 1049.85236336
0.54 1049.86786302
0.55 1049.88173566
0.56 1049.89415202
0.57 1049.90526494
0.58 1049.91521122
0.59 1049.92411332
0.6 1049.93208085
0.61 1049.9392119
0.62 1049.94559428
0.63 1049.95130658
0.64 1049.95641916
0.65 1049.96099495
0.66 1049.96509033
0.67 1049.96875573
0.68 1049.97203628
0.69 1049.97497239
0.7 1049.97760023
0.71 1049.97995215
0.72 1049.98205714
0.73 1049.9839411
0.74 1049.98562726
0.75 1049.98713638
0.76 1049.98848704
0.77 1049.98969589
0.78 1049.99077781
0.79 1049.99174613
0.8 1049.99261278
0.81 1049.99338843
0.82 1049.99408264
0.83 1049.99470396
0.84 1049.99526004
0.85 1049.99575774
0.86 1049.99620317
0.87 1049.99660184
0.88 1049.99695864
0.89 1049.99727799
0.9 1049.9975638
0.91 1049.9978196
0.92 1049.99804854
0.93 1049.99825344
0.94 1049.99843683
0.95 1049.99860096
0.96 1049.99874786
0.97 1049.99887934
0.98 1049.99899701
0.99 1049.99910232
0 1000.0
0.01 995.0
0.02 990.5225
0.03 986.508655199
0.04 982.907044765
0.05 979.672588153
0.06 976.76564603
0.07 974.151269676
0.08 971.798570674
0.09 969.680188692
0.1 967.771839783
0.11 966.051931175
0.12 964.501231264
0.13 963.102585723
0.14 961.840672304
0.15 960.701788283
0.16 959.673665569
0.17 958.745309359
0.18 957.906856927
0.19 957.14945368
0.2 956.465144112
0.21 955.846775612
0.22 955.28791345
0.23 954.78276547
0.24 954.326115266
0.25 953.913262788
0.26 953.539971461
0.27 953.202421032
0.28 952.897165484
0.29 952.621095406
0.3 952.371404329
0.31 952.145558561
0.32 951.941270156
0.33 951.756472638
0.34 951.589299218
0.35 951.438063205
0.36 951.301240398
0.37 951.177453238
0.38 951.06545654
0.39 950.964124649
0.4 950.872439854
0.41 950.789481953
0.42 950.714418839
0.43 950.64649801
0.44 950.585038903
0.45 950.52942598
0.46 950.479102483
0.47 950.433564793
0.48 950.39235734
0.49 950.355067998
0.5 950.321323931
0.51 950.290787833
0.52 950.263154533
0.53 950.238147927
0.54 950.215518203
0.55 950.195039329
0.56 950.176506788
0.57 950.159735528
0.58 950.144558101
0.59 950.130822992
0.6 950.118393096
0.61 950.10714435
0.62 950.096964489
0.63 950.087751922
0.64 950.07941472
0.65 950.071869691
0.66 950.065041554
0.67 950.058862183
0.68 950.053269929
0.69 950.048209002
0.7 950.043628914
0.71 950.039483977
0.72 950.035732843
0.73 950.032338096
0.74 950.029265872
0.75 950.026485529
0.76 950.023969333
0.77 950.021692189
0.78 950.019631384
0.79 950.017766364
0.8 950.016078528
0.81 950.014551042
0.82 950.013168672
0.83 950.011917631
0.84 950.010785441
0.85 950.009760813
0.86 950.008833526
0.87 950.007994333
0.88 950.007234865
0.89 950.006547548
0.9 950.005925527
0.91 950.005362598
0.92 950.004853148
0.93 950.004392097
0.94 950.003974846
0.95 950.003597234
0.96 950.003255495
0.97 950.002946222
0.98 950.00266633
0.99 950.002413028
0 1000.0
0.01 995.0
0.02 990.5225
0.03 986.508655199
0.04 982.907044765
0.05 979.672588153
0.06 976.76564603
0.07 974.151269676
0.08 971.798570674
0.09 969.680188692
0.1 967.771839783
0.11 966.051931175
0.12 964.501231264
0.13 963.102585723
0.14 961.840672304
0.15 960.701788283
0.16 959.673665569
0.17 958.745309359
0.18 957.906856927
0.19 957.14945368
0.2 956.465144112
0.21 955.846775612
0.22 955.28791345
0.23 954.78276547
0.24 954.326115266
0.25 953.913262788
0.26 953.539971461
0.27 953.202421032
0.28 952.897165484
0.29 952.621095406
0.3 952.371404329
0.31 952.145558561
0.32 951.941270156
0.33 951.756472638
0.34 951.589299218
0.35 951.438063205
0.36 951.301240398
0.37 951.177453238
0.38 951.06545654
0.39 950.964124649
0.4 950.872439854
0.41 950.789481953
0.42 950.714418839
0.43 950.64649801
0.44 950.585038903
0.45 950.52942598
0.46 950.479102483
0.47 950.433564793
0.48 950.39235734
0.49 950.355067998
0.5 950.321323931
0.51 950.290787833
0.52 950.263154533
0.53 950.238147927
0.54 950.215518203
0.55 950.195039329
0.56 950.176506788
0.57 950.159735528
0.58 950.144558101
0.59 950.130822992
0.6 950.118393096
0.61 950.10714435
0.62 950.096964489
0.63 950.087751922
0.64 950.07941472
0.65 950.071869691
0.66 950.065041554
0.67 950.058862183
0.68 950.053269929
0.69 950.048209002
0.7 950.043628914
0.71 950.039483977
0.72 950.035732843
0.73 950.032338096
0.74 950.029265872
0.75 950.026485529
0.76 950.023969333
0.77 950.021692189
0.78 950.019631384
0.79 950.017766364
0.8 950.016078528
0.81 950.014551042
0.82 950.013168672
0.83 950.011917631
0.84 950.010785441
0.85 950.009760813
0.86 950.008833526
0.87 950.007994333
0.88 950.007234865
0.89 950.006547548
0.9 950.005925527
0.91 950.005362598
0.92 950.004853148
0.93 950.004392097
0.94 950.003974846
0.95 950.003597234
0.96 950.003255495
0.97 950.002946222
0.98 950.00266633
0.99 950.002413028
0 1000.0
0.01 995.0
0.02 990.5225
0.03 986.508655199
0.04 982.907044765
0.05 979.672588153
0.06 976.76564603
0.07 974.151269676
0.08 971.798570674
0.09 969.680188692
0.1 967.771839783
0.11 966.051931175
0.12 964.501231264
0.13 963.102585723
0.14 961.840672304
0.15 960.701788283
0.16 959.673665569
0.17 958.745309359
0.18 957.906856927
0.19 957.14945368
0.2 956.465144112
0.21 955.846775612
0.22 955.28791345
0.23 954.78276547
0.24 954.326115266
0.25 953.913262788
0.26 953.539971461
0.27 953.202421032
0.28 952.897165484
0.29 952.621095406
0.3 952.371404329
0.31 952.145558561
0.32 951.941270156
0.33 951.756472638
0.34 951.589299218
0.35 951.438063205
0.36 951.301240398
0.37 951.177453238
0.38 951.06545654
0.39 950.964124649
0.4 950.872439854
0.41 950.789481953
0.42 950.714418839
0.43 950.64649801
0.44 950.585038903
0.45 950.52942598
0.46 950.479102483
0.47 950.433564793
0.48 950.39235734
0.49 950.355067998
0.5 950.321323931
0.51 950.290787833
0.52 950.263154533
0.53 950.238147927
0.54 950.215518203
0.55 950.195039329
0.56 950.176506788
0.57 950.159735528
0.58 950.144558101
0.59 950.130822992
0.6 950.118393096
0.61 950.10714435
0.62 950.096964489
0.63 950.087751922
0.64 950.07941472
0.65 950.071869691
0.66 950.065041554
0.67 950.058862183
0.68 950.053269929
0.69 950.048209002
0.7 950.043628914
0.71 950.039483977
0.72 950.035732843
0.73 950.032338096
0.74 950.029265872
0.75 950.026485529
0.76 950.023969333
0.77 950.021692189
0.78 950.019631384
0.79 950.017766364
0.8 950.016078528
0.81 950.014551042
0.82 950.013168672
0.83 950.011917631
0.84 950.010785441
0.85 950.009760813
0.86 950.008833526
0.87 950.007994333
0.88 950.007234865
0.89 950.006547548
0.9 950.005925527
0.91 950.005362598
0.92 950.004853148
0.93 950.004392097
0.94 950.003974846
0.95 950.003597234
0.96 950.003255495
0.97 950.002946222
0.98 950.00266633
0.99 950.002413028
